454638411
640381740
529479190
284882215
723795263
667728512
389801252
479516143
284035177
544007664
950812012
553834731
651510680
623592465
850417475
447188370
573116090
324684580
941143328
672150402
918820076
625334537
538212549
377298193
342548956
855627886
361309726
606310581
447553564
361304891
615563599
485126024
490217893
337021781
305939712
361285480
525818839
506627515
408709785
916365675
608206510
310633997
912536422
714508224
951364656
963908968
349160522
585027354
402370879
936971630
749133301
586634331
905852173
789356890
694876905
333903271
357828853
469231420
284815942
326912270
860822992
422689480
866450515
497595276
429047995
343200656
834393815
924373886
907159478
320606217
900313219
517329357
781817640
357218860
563718995
376510438
363590051
835333129
852912420
295646461
329670577
727296976
586213247
680170305
572821456
376101648
294934058
543186831
583845719
419135449
767473889
943453328
529815782
896112560
304878510
763692274
634235735
458225159
828578246
951346457
898164624
430907397
420859056
466965151
577586159
506462353
838500730
297606951
952728048
604186826
965965461
960436333
555150599
955957721
899063827
913292932
336353151
944636116
338701294
443646748
389638243
368677368
424123969
509098112
323229106
479943969
575980917
382617920
511459648
620112416
512939461
868692227
327630330
536049508
714796093
282614216
350642635
539793374
911793120
899067065
785537179
522415871
749094938
916869395
592447445
944808252
692412579
309172177
333710667
719525810
414706506
934290740
940247939
535886823
824305459
536478373
680624697
319881193
558823262
930574573
891194610
811852730
576588894
529996768
640364616
618349779
372513032
362949845
700970012
341232718
548946769
428845974
896177097
561941526
940985623
943419894
354902315
290638154
896322372
603097018
927006017
444844790
839703707
284993459
484090401
288429040
584485870
662090840
584557117
749100888
716898949
368494609
937793199
468327549
507874739
453546382
509993510
530621395
328095974
824318267
547702041
510461370
847985808
331177714
343307433
636511657
365724094
469960709
804379658
334989259
458272450
896446461
289084315
586854309
338137227
907210971
568212992
543577420
549105915
284910350
666508823
575658129
298867247
435913585
692669501
959619034
738717933
582654048
385756768
708600202
948805709
483011479
375380948
923760656
544237538
416023011
347803339
421254504
307727765
359478823
596402997
622613679
469369175
462638897
609704981
680022952
915341223
603092599
380015247
448639966
568556189
585661281
282935706
578448682
335060889
284847138
395042892
642727743
395545555
448474423
569077959
925494667
653508448
454086751
893441314
725401575
576649830
377908737
578830929
512727332
615963718
333252638
311548709
577499909
943690848
951937596
447752317
331308914
381471023
749057895
298307011
962325879
479662730
522408559
910608607
316415412
364387007
359917414
940202798
892521917
586447913
468401854
563474464
293622097
567767430
613398383
305343404
649202100
476546099
572395608
377127117
927060395
443904275
749078962
370339723
352683833
726895069
493619333
299110947
807996799
643496868
645746786
546871573
309735670
304871603
632827808
526641427
728293409
598603610
403858572
526667765
284862083
556500145
480950048
524299475
764925064
805845189
447119634
576729372
916728593
642064350
904737816
606190854
587366035
960128616
583222866
521207075
882628993
570964996
842842640
564874986
945274928
392796698
575154654
569929985
380293530
941421328
283646709
335047649
534342529
872488001
381342267
775402833
302584613
471063940
789839298
530957474
651978174
645949180
383298204
963909439
806393795
468996152
557137623
652148051
454781476
931228349
527445936
341776037
572537866
866132884
338057689
631881629
657500465
433398108
880178264
281940292
522626820
698255242
791341471
440045374
645682444
535811906
494792609
927819872
289894882
561326449
477128284
654846696
694609161
420009108
417817520
536474741
398157641
918332875
510461758
600626116
506944493
466122094
335709058
852801667
418987775
444553118
610391947
880692387
432750508
383819300
564540143
388624839
883432723
569632660
407558537
688319243
867833019
566223681
909017474
899338894
475976577
567289775
640111933
570439968
950702869
469337564
484001216
580765736
509987785
922304974
471347413
414113282
791557660
350027738
335364882
891453663
586328581
950608825
345445479
467329677
896130944
533451786
486154808
467703220
597986893
570060128
348618445
741949324
454768104
734258457
619481402
655619282
513474544
506460513
321255603
558756671
909351158
325683306
905198150
388491656
328205875
684332334
399563465
404299862
322439990
383457673
399648212
958930980
348530331
414478124
413025213
310947683
887580814
577423493
935033055
515877714
545519333
611436052
654673401
346432063
914438621
576731399
316914912
868077558
320636131
870794720
944187430
411206394
577232024
884023735
438948516
654671575
919034275
669198374
540236748
417571834
601606659
673354210
307219387
625614526
924539452
553573601
570748340
804637783
543430855
734258668
318233700
310755560
300048137
950386914
344542975
790203750
457446957
333263435
877831982
895710383
416981420
351331194
467923185
475561257
960272483
347418999
281935788
748057890
435588892
964096778
488165644
521671873
308750436
960895919
919141988
941620316
949838009
624512118
656176278
299949744
555194756
730992767
650415564
523660889
530957470
768769263
546473125
954372033
586683407
370144231
674657235
470412147
505074676
901276019
410351918
867427452
937255144
556164008
399355755
601137830
424216726
516378985
909062607
310738695
410089731
281796108
523045896
589440659
336435697
533956710
952715194
364191819
555641530
929346489
553211336
730081072
601831333
915861546
867964741
336698281
478126577
338761996
301387274
529379082
921852522
711455226
302324249
402422247
849732663
559887125
358055270
376694347
626362411
287170072
885819965
400971700
695429656
635573390
354850853
898968647
568780324
475249619
767319014
519817714
498360026
630119301
522826277
373968636
793770655
449945214
645797558
572542612
425192079
631658837
443369807
573992498
488845680
451858886
510855668
848515450
378080432
380908399
849145835
835969177
691025552
448142450
335029050
859204347
917932200
360593530
329913454
659563061
942242950
653305137
658293394
303579255
552764013
500003565
516875543
666336566
881323364
514643583
736683061
351727428
642026466
486781045
415976837
417071430
941317572
306310789
314303518
541663542
427916203
439852091
428393447
943273841
591626572
379693831
570306657
834030294
765955840
939461663
499250722
917547818
365152940
635562407
409807569
527968532
684897995
376374689
793076829
443354861
367242040
744882019
638689075
443637419
779157948
643052753
470101678
357404131
565200595
919087726
937252493
429610587
470578793
916281743
471857988
616022559
840919914
786981006
935143925
597851882
295430577
505800761
805987036
346513173
349554263
845040429
497716362
571096102
377826584
319170675
951417499
667362389
828005193
920482331
519077434
297368629
396351547
551366194
749046891
830544402
669781690
588199307
503519713
491391564
351986992
335744614
442839435
572561420
556884588
490979746
646803444
320659794
292242503
949697552
441953397
855212379
525781368
377989827
372648912
937961955
888988372
514917848
680819774
722784048
632521536
576443892
445305390
901810337
524509185
826777295
488628250
570119120
641387028
286799607
588013838
703145045
504634395
314716233
471341991
930374705
663151076
284815117
731471698
539623568
533893269
894918913
949622036
899593829
892294827
379869627
469609836
491126018
543119010
287734809
353642901
945499265
401533966
570315854
326574411
581641031
547436543
302049354
694249237
428974099
695415794
927819165
749109884
307569751
317469184
868403565
820452091
658762626
539920547
444553167
779561331
749133753
432791399
363920434
705729927
903630128
300704847
405743220
886492891
330376830
316025912
873518909
931343017
382776256
834185106
586449534
314652382
461402734
929588324
463869460
869138137
848160327
415186905
400432594
893636757
687421118
918338898
585307861
685675706
295775656
467577200
388627783
924640818
549592189
520097315
406719683
739951231
937976391
531184261
485761300
406732590
594753075
726162392
878601569
690046600
578546778
600520752
331975235
347411942
690346667
366562751
410148139
738897668
587922128
815181808
390929278
563910324
514485964
433671262
906287108
331786748
300265786
562413829
459013536
400506026
498127541
406239138
962673836
595831580
536381662
814977594
814656403
521594899
627666567
885405524
335393788
667819594
672828590
546821797
735011611
552293383
784454179
599083564
401626263
414834813
737070895
288113403
879828836
853834250
309465525
875678494
542557212
576836614
878106944
943869618
555936735
306257910
875948587
960360668
960153673
635424128
386628906
342585873
686449807
499511971
845129661
335023774
300590611
603527166
915074326
407385044
390553006
868013618
494833223
516168848
960080959
768592901
937958671
848182446
422154977
639930688
391767653
495583717
307906541
332639548
938120844
634467171
659425518
496120135
737006024
945233401
633495655
618790117
849703639
838455884
501053324
922643195
334503000
662842594
528919633
595563753
381059732
594966153
911152486
647594931
583798880
397648381
539943615
875063456
638323895
678448523
575271654
438875956
619517698
510873505
718043190
435365767
460177396
904822956
601617403
909830968
562364002
554953939
548925969
762466122
291890420
949697562
656951157
307930478
805588706
309280605
466419697
497880658
455999097
789446892
903183877
749094885
357577420
436577167
398436747
860011430
787141016
550923627
716913565
564079155
756298885
472963415
575147772
382373458
438314348
472006138
472014516
482705784
958758676
284876795
859951723
667461862
610003290
440844625
632311326
308161582
898765095
915637540
582719476
453801888
366247306
785904635
755398884
449735650
937958581
723879768
520356600
305204535
307519882
638218744
366626332
319185557
718421443
453571750
743974925
556627912
904158881
821744424
394613472
447589462
895498794
284971959
312506856
954619177
483336864
514576248
560696494
436491861
303337299
814737690
585600864
465092669
720611039
395357581
388838723
459189186
399452287
467102471
534568162
937945761
570779598
920748867
571393580
922199867
657459418
454607051
579924486
542180079
404516121
301340979
595558452
354655665
694653121
898524971
623789705
503976323
487922291
317809458
867338987
825514083
577628510
547861844
339407922
940596201
341036067
634158738
730601963
552020897
662053009
656971078
615987910
675093763
645705454
569322760
869231055
653967729
805687118
690852527
904209370
577221529
603628470
552208596
419411014
795264363
951346475
596677177
430478223
545861112
405231632
694762663
835217317
306235935
389781154
842849113
697927927
381341648
293621500
891633108
735011588
956373528
730354031
960831187
806077016
342792525
393858566
568826710
469463298
477968382
372836496
843006560
606368957
384830320
344997890
905016429
605841731
342115564
387428400
333202351
397836467
632437966
547101139
414315986
289523017
463926997
935306292
407108860
302920553
289530584
931199028
476312888
696565994
600446812
585801479
718829098
331763096
360112255
882497311
635896473
554937499
933705960
338010821
641291615
637819447
288487321
377342622
628677149
409395695
393402212
297430070
731645633
414664715
709020278
536475199
558512661
792732290
638662036
722294701
418075935
321293183
370406446
609133837
923801450
885877695
646256209
380643227
829587759
725097967
888683802
672902340
316126557
417563413
535500008
474737980
520664855
548653226
415411639
375584677
330698488
382698565
388615641
473626161
561625752
598581396
599972246
583307491
493145008
471394851
478631675
586745548
706099830
474205928
635707275
377672876
902062673
905408749
439628153
495686088
691797987
903911740
542752476
306827235
827688435
339532909
421894356
797639732
446067710
338893931
436672029
603220962
863196620
429009175
818932151
723205011
881057428
921797750
937922348
525958087
466388978
821843807
597855590
667579844
620128629
367623543
694695717
657682031
337998484
426826309
377304531
382069612
537263603
507232505
646308208
505446332
911813648
665001825
643798619
312325565
829739720
355554941
421706526
700740807
739645466
586470098
527588389
441922503
882507985
311972587
587823548
910415350
843828101
904764772
383790206
636969657
879478102
649246860
547109049
561416817
492342639
415850124
309219097
786135655
289560144
904145752
643586880
749083919
966983862
577491499
407838198
393584149
624554947
397553707
916268873
927823151
514398862
916222321
652077009
892128363
300238550
404553553
414020936
711074743
739836039
712112052
668692393
503092422
955222912
583307897
327783342
824753376
421997825
344771647
704781559
797331855
660530555
689856926
356336433
953565083
472322122
409625068
720725216
865958296
884009993
834201313
730209957
924620788
408666056
566743044
550842012
323242790
659283309
376412160
577733648
769574372
352000376
815901598
609067187
909911026
331529422
859022045
900362785
483910781
485078615
813532777
915249334
695531774
699402534
586149216
672100118
804641004
944248009
710420315
531357950
833586332
394807905
362348516
408495176
493849232
633929898
